37034118979811219832222747776946050624132034201966808854510271766539208562502
50817457644162805995182817281001589080516691033682322735595185367632348065737
18474355165224254105163993073584591188008103372399773284444665167736945105234
18893559212719508826965644844625485204310097435727273344576033203385803343690
41465287435846384523812838358638395854723632315716685098584850371514914568496
39216972389294443549455045289885098353686444149315669454970271063033818233079
19991231391562198222124687230766317854027071561956035405464498077755407874890
1427535444703570321609997916372000302339643189051677768758993258285360370753
3160755265369652234164387962904919977067990373356076681001050293659216120053
43100614586010243288084202764302822207572679040427392711335184302284871637602
55996120451077455928392337532718325951712318502545426073836649252458880696227
44263418922597345280688237833931999978889141079468352839730991182643567469097
50179446961882427912565130004689125700315330667695759615919390100428022652864
57894839525491300788609878485792522883321228063948841021500929445877492564355
9504194586614948904586799985431188030029945710077950904591730211492545627338
587264517499077225736964059831153191895904479236992637279897190718402035325
18071309499374246707327654970629644698284942453904207799857030418460480845791
47578946360267059153686319227603762604911797719563882420161095954975153639172
